309,-864,462,16,764,-166,407,693,-24,-129,-419,-414,340,852,-228,38,52,-1115,103,-585,672,-619,-674,-196,-43,645,-217,231,45,700,843,-64,-54,354,-456,323,-226,519,-1100,233,-380,502,-98,-224
70,670,551,197,-293,-126,668,495,-537,-284,782,-568,339,-316,124,280,1198,-27,422,-133,151,-181,-184,-848,129,-1051,-272,75,-39,344,686,-269,1041,227,-443,-37,253,-280,-189,300,-471,801,-566,480
607,-126,611,-251,1211,-1347,830,-598,304,796,239,-565,256,-538,723,195,553,-475,-460,-242,79,-503,515,-20,-650,-221,421,-11,-218,-700,-155,-330,-84,-87,-223,-139,397,-908,-493,432,179,-497,467,471
224,468,335,-416,-1122,-618,1091,-453,-375,691,-303,519,261,424,548,422,717,-379,-666,26,0,1397,-420,982,327,-170,-413,-80,863,581,-132,382,104,648,-87,-777,-892,-493,236,253,-338,476,473,123
368,153,-143,-331,-159,-91,-700,558,635,649,297,313,-222,-1125,221,-114,148,1035,-206,581,511,-955,-234,-641,-543,310,298,546,-899,561,352,-177,406,-290,64,295,458,290,761,-501,90,-349,362,-223
434,-109,-361,310,259,-4,218,118,238,492,340,670,-302,-280,676,-362,537,238,-101,1265,93,326,401,374,-224,-441,-751,-1201,202,453,257,100,187,485,536,-153,1028,807,-339,-292,-191,-86,518,739
1014,-1162,1037,879,-1728,59,-138,128,-503,-567,-236,-417,230,290,139,484,-22,648,-338,118,422,-555,-682,106,637,-87,-900,183,-523,-255,109,71,561,251,200,847,-147,-167,57,168,-216,-101,254,-93
953,79,918,445,114,285,-7,-107,-501,419,-569,434,576,694,-176,-14,360,-272,172,-496,-19,1284,-253,702,295,-967,58,96,-269,-274,144,-482,503,684,-593,-327,-753,-490,587,610,549,-116,273,458
569,-222,20,476,507,-174,-491,-32,257,298,864,245,710,93,103,-22,521,-195,-86,-176,417,-769,-307,1174,-60,524,-37,-105,952,783,521,-319,91,759,368,262,-660,398,-736,-1316,730,435,-333,369
-73,-346,657,575,108,-646,-201,-149,18,536,-276,-552,386,-280,-220,-134,1014,-364,824,-450,770,420,614,240,67,353,-321,337,185,270,-618,312,123,279,64,543,239,142,-325,796,501,236,138,153
240,0,204,89,-108,708,139,-78,238,612,-369,-664,407,52,-964,167,443,-529,30,161,531,-397,-350,346,219,-628,-471,-783,50,662,-440,83,235,-289,23,162,-494,-1036,719,-46,-153,-78,-1324,-48
35,38,-253,255,133,633,-64,396,210,-511,-291,407,-132,912,148,452,-569,895,-323,497,152,-666,-17,-108,-493,-881,578,-32,-127,662,-123,43,878,-367,494,311,897,733,340,519,476,-137,-260,796
-177,588,-52,-157,-310,63,814,-352,-295,903,4,-889,1,-464,-587,-98,718,-404,-508,-1037,704,32,629,-1190,-265,164,-534,450,342,686,-565,613,-352,-770,-509,-291,-142,-9,148,676,-214,-26,39,-453
844,95,-166,1208,-599,-134,-435,-165,153,643,198,-58,335,-571,327,295,171,457,1200,235,206,648,121,381,62,-271,543,-503,-689,279,810,269,549,-140,465,613,1155,-23,-234,-785,169,-506,226,-294
-523,469,441,-2,159,-325,-289,684,266,-341,-528,-252,-570,933,438,75,-310,-832,406,-473,-156,-202,-277,-494,-361,-545,3,2,-400,577,1364,-679,435,-613,653,337,-25,381,-560,164,173,-359,141,463
-159,350,-148,28,-690,-529,-804,601,1043,-282,-988,346,-294,791,-532,14,537,505,691,-339,543,-487,-491,363,326,-412,-619,426,57,-138,230,113,80,234,60,411,-367,383,-90,152,208,-142,-85,17
-196,-191,456,269,525,-398,21,-661,675,161,-376,29,-77,308,249,205,-906,-634,-133,233,11,-293,-1242,-1748,-72,124,339,-663,326,171,-265,-244,-363,-76,-258,-10,-215,-542,203,627,-995,133,317,363
-57,-351,-436,565,683,543,664,304,387,-117,610,227,491,223,706,569,-903,-259,-598,451,-249,212,411,-333,-49,89,-257,543,547,-612,563,-366,1195,448,859,-1218,-83,-185,253,554,350,-1515,1003,67
1113,216,-857,-130,851,-932,606,799,-212,-131,-502,183,-418,-123,292,373,244,10,565,785,527,865,-287,-131,464,-813,-95,-785,313,178,-532,205,910,940,322,-171,530,505,-227,-468,-889,-101,659,670
386,264,504,-137,-591,272,-443,-321,364,3,-238,-328,-558,667,519,343,-184,-107,-160,-1139,270,-236,202,256,-258,858,-437,-56,-104,242,-23,250,-342,-876,221,-204,-407,583,131,252,88,160,-363,257
468,380,-473,-488,242,771,851,87,530,-476,-227,78,827,1081,283,-36,61,342,949,371,-427,-406,-482,-478,427,-268,-716,-654,587,39,394,211,-79,567,-375,-410,195,-124,-407,-432,33,-610,203,708
-1272,827,-143,268,112,-265,-172,-120,-6,610,20,1131,567,-87,340,-171,-77,211,-218,90,117,396,-145,-89,490,504,152,248,-440,-203,-835,105,50,5,613,280,380,473,-630,-245,63,-582,-217,177
-1043,-213,517,321,-1143,308,95,156,-864,170,-84,534,-614,314,26,-684,-350,-76,-837,31,-603,363,-115,-270,352,306,949,-357,-272,-113,1005,-764,665,967,-1010,-372,240,485,-689,630,689,59,81,749
464,457,527,-189,275,-528,232,-152,-99,-82,-300,-842,373,-272,504,44,460,51,-242,380,-32,-94,421,29,383,-335,281,-354,88,7,-274,73,-427,512,503,419,308,-458,-47,-949,96,-259,216,98
