11,-192,215,-932,94,-85,397,-86,378,626,26,80,71,-241,723,-142,-365,-376,-756,-636,747,400,296,-46,38,437,351,-152,-58,588,-164,360,484,282,-645,834,408,61,-511,-302,523,-201,14
-97,-688,421,196,42,-137,-340,463,237,-130,103,-390,124,555,24,-202,-536,-148,-57,-87,-87,557,-505,678,-250,297,402,-183,679,-153,116,-81,767,448,-147,-29,-45,651,-105,423,747,34,776
-77,-378,-35,28,183,934,170,-208,492,-105,-560,-103,-461,-233,-76,-824,57,319,-620,51,196,356,262,13,229,178,443,311,-279,445,-497,506,597,401,257,373,389,-38,-141,-41,-49,-106,-34
-105,580,335,-451,652,227,-666,-39,104,165,-79,-301,-449,230,265,-242,355,317,-191,-641,678,-34,390,-268,498,608,293,47,673,352,-193,-80,176,502,242,214,-54,-518,377,-628,507,31,760
-261,398,-705,-255,159,-307,-37,314,-636,167,53,-333,267,360,59,-70,-192,-364,1076,178,251,-302,254,-784,-322,331,-433,216,279,130,282,-171,-667,-153,-526,-240,-275,-365,87,31,-136,-35,-56
-317,597,457,-55,511,535,90,-8,222,52,-381,284,631,132,18,111,2,-117,-722,159,61,734,177,460,221,602,347,-243,-340,-203,-744,262,196,28,190,119,-335,32,-417,267,22,459,-90
218,-459,287,-509,576,145,867,276,147,676,-240,-873,166,-136,311,-295,315,199,-274,275,23,-431,384,-28,-539,329,-209,370,592,-46,553,1054,787,119,88,31,130,521,-239,-106,806,328,90
-124,-513,244,60,-288,84,-876,1,-315,458,-84,-29,-212,-131,-51,243,-59,-12,376,-243,-108,-235,466,-640,409,-547,-297,295,18,-264,397,-366,72,-414,-39,55,-173,149,-286,159,-164,72,-29
145,-148,-223,356,150,-231,289,191,93,134,-357,209,90,548,598,-120,-396,-123,-6,-37,385,-365,23,309,-56,-223,-271,389,321,-349,388,489,53,-430,734,297,-234,-478,132,-511,-571,184,740
317,-434,-145,174,67,129,-190,-320,146,246,-277,-204,-352,-37,-328,-333,-818,286,-28,-266,234,-192,-315,363,254,-258,-212,563,9,-403,259,-609,-175,-554,-232,-88,-680,-359,-1206,-90,-358,140,-81
-312,478,-262,-454,846,600,31,453,-322,27,-218,-361,278,-516,-313,-160,329,-96,-606,-12,114,-238,354,913,60,519,307,-3,42,-390,-357,-62,-197,-69,293,265,162,-209,70,-634,-774,148,171
49,-366,651,200,-25,177,-274,-356,701,449,161,-311,-155,641,406,61,780,-367,372,-30,-10,566,144,419,-145,-235,-900,-289,-604,286,-556,14,26,-30,11,-300,-232,817,0,40,-420,973,-428
-212,532,-78,261,82,-892,-25,166,-458,-238,-358,-478,761,407,650,95,38,-536,15,381,245,-104,-163,636,239,-427,-590,312,35,773,-658,823,88,-153,-88,-165,-615,-420,414,-451,-408,312,630
507,361,-339,-595,-7,321,582,129,224,551,-61,492,-59,495,268,9,-5,291,332,-361,57,-7,689,507,-124,214,280,406,775,845,-255,724,-137,-214,-100,0,178,276,-614,140,520,902,-215
-756,173,-372,-90,525,64,-57,-777,248,-371,64,-521,30,-348,-193,232,175,136,-706,133,-278,592,791,-425,-241,-465,-48,-307,262,101,177,-415,376,-1,350,408,59,-759,859,283,473,224,-158
-214,-129,605,-623,-296,-156,-353,497,470,626,-375,597,-286,195,-597,-399,-298,438,-187,-160,-440,-67,-580,246,74,422,244,200,144,817,175,-222,196,708,315,613,-302,74,52,-356,278,401,-95
-151,203,-69,234,169,-330,-90,-733,-70,148,-371,42,756,53,-189,305,164,252,107,-173,-240,-4,-254,398,-95,-88,-298,-207,-273,-347,180,-22,-60,544,76,153,-322,246,347,-762,726,-68,389
-173,-461,659,-482,318,-141,337,-125,676,419,-6,-119,437,666,-546,-429,23,-35,-196,-600,-423,440,282,-541,310,-43,-45,-560,-145,-216,442,-203,57,108,-396,473,-349,137,168,-156,808,-308,294
386,256,204,53,414,-95,-339,273,-299,-46,-635,-73,49,-310,-641,-82,196,-158,-393,-1027,172,448,436,-355,42,-412,-9,-392,-80,499,407,124,12,138,478,-45,172,-205,-106,313,-824,747,343
92,-698,164,25,-165,395,-105,-357,115,20,-557,-644,-138,92,112,430,-453,-204,-545,-493,407,225,-495,320,840,60,648,-294,415,156,-475,444,952,-835,408,728,-90,428,-823,4,111,165,-383
-447,624,414,-254,968,-96,383,126,-52,41,-109,-271,193,36,-329,-101,152,-178,692,-113,69,551,-362,63,523,-67,690,398,515,-281,-379,-460,31,325,-763,57,233,-2,346,453,360,-158,-88
-503,-248,563,178,-15,-81,-762,566,60,-187,-487,383,-199,841,104,38,-397,177,478,188,83,138,-390,415,222,693,164,161,603,229,-158,-217,199,-554,-53,-72,57,24,85,95,321,86,323
-120,300,347,165,-435,-320,360,5,160,172,393,235,300,235,231,-319,393,45,-74,546,-385,-480,241,-426,-304,245,521,-216,238,263,-174,253,674,-103,192,-306,308,1064,933,-198,876,-526,274
-100,375,-123,-153,521,-107,-402,303,27,102,-808,-491,33,-309,6,-300,-61,-323,14,-657,117,476,-76,-30,-355,318,-513,-261,453,383,316,-361,18,336,276,396,-368,-496,-672,517,-455,383,-14
-209,1091,478,-571,428,-213,100,265,188,-101,-63,253,-160,-608,74,381,877,-36,-406,250,89,-139,289,392,269,303,215,151,663,271,-174,778,61,-90,-769,310,130,416,-74,-66,821,565,-169
244,-177,731,-351,756,-189,-64,-202,458,210,-485,-348,-626,121,-302,355,-201,-453,283,-207,533,184,-341,-366,46,-22,-384,123,-163,640,-216,-5,471,617,478,546,-571,167,-23,256,111,591,-311
-285,45,110,448,-23,-308,129,-49,-15,-363,-573,-407,-110,-358,1060,432,102,414,-173,-576,176,27,-757,224,-37,262,53,-62,486,735,235,268,54,-106,290,554,-678,321,-133,500,175,194,141
273,-263,-699,-621,70,-156,-5,410,92,-691,267,-399,-687,95,334,16,275,-178,79,-126,341,211,105,196,85,553,90,-184,848,691,296,75,1017,292,-88,672,720,-48,-218,497,257,-177,46
-858,540,103,148,133,-336,157,-679,216,397,-68,-747,224,-558,989,308,-391,-22,432,-265,710,499,555,-274,206,967,113,-336,320,651,-33,28,52,471,198,1285,-263,-374,-128,398,4,183,-169
-226,-53,-427,31,-266,-213,-464,-52,55,-18,-156,-23,-303,-41,333,634,54,-375,148,-187,486,-465,76,-363,-853,53,159,327,62,-7,552,-172,-433,-338,377,-235,-470,-300,-413,-320,566,624,-608
416,-122,740,510,67,424,845,101,489,453,633,221,382,218,24,-121,-88,560,523,534,-95,-276,27,235,-73,-30,78,261,79,-677,481,7,-263,855,-199,-43,537,218,430,43,305,-313,108
-54,216,-557,-397,206,133,-242,-8,230,189,-10,-217,5,-40,90,5,569,-322,271,129,477,-53,432,9,-658,92,-876,97,521,-122,-40,425,224,178,-29,-66,218,59,-246,-298,-767,229,-65
-113,-160,226,377,228,15,-117,-20,99,488,112,133,381,94,290,-283,295,-288,-277,64,-42,-361,401,556,-402,282,-278,186,25,-87,-748,2,554,422,-323,-204,607,198,101,-223,-404,-80,134
143,-147,-194,-90,-336,-16,149,-96,108,105,-627,55,-243,-258,-547,634,-267,394,523,94,332,-429,144,-58,-162,500,577,-630,414,-59,-150,817,-352,644,93,-192,-337,397,495,588,-442,389,-322
135,106,-122,-739,-111,198,-298,252,-494,-606,246,260,-194,122,242,-7,634,70,76,415,126,-85,226,-718,123,591,654,129,270,701,-359,222,196,254,-544,734,763,123,-53,176,1026,-145,-330
621,497,-181,-518,489,214,613,249,-103,45,-56,-272,-133,72,-287,-583,-153,-133,41,-254,-102,384,352,45,481,1,464,-714,-76,294,62,-353,257,262,-475,441,491,-142,720,127,467,144,343
325,31,249,-445,-299,306,-364,389,-393,-644,-22,318,385,142,-643,-482,-310,306,198,-619,-350,-320,101,-740,-604,-181,48,214,-289,-139,-98,75,225,-39,99,520,-810,-228,426,-565,340,-71,759
357,96,51,334,-516,279,-35,597,107,263,168,-715,495,88,176,-355,-164,-122,770,248,523,-320,159,12,1182,-262,483,-408,166,-298,241,92,300,244,-744,301,464,279,921,265,249,3,310
-224,57,29,317,-70,-191,10,215,396,66,321,-524,455,400,-380,-340,-3,-23,328,454,546,-681,-162,438,242,-90,-132,82,-231,-136,-887,130,-606,-459,209,62,-320,267,-206,-365,-278,481,-187
39,95,-124,59,-453,3,338,-826,181,196,658,-229,37,167,736,-22,-11,-643,418,-221,-253,65,419,-354,259,-347,513,34,-46,192,-131,-381,-111,-123,-402,1049,437,210,251,-229,141,-60,159
-219,54,131,-23,38,-591,447,-185,780,453,-492,599,231,-86,867,402,430,382,-55,21,63,-350,28,-126,-215,621,86,-323,737,15,190,536,-515,137,339,12,-231,297,169,425,345,-184,414
-254,-369,-58,23,37,280,-618,82,169,525,-342,-317,-161,372,836,-428,-39,537,78,-723,754,-390,51,106,-3,-380,-892,451,-347,-385,27,-103,-93,-612,-170,-779,78,479,-1107,-540,-49,-245,-43
305,-425,109,-388,175,-392,211,400,718,130,-76,-135,178,-405,47,-296,175,-61,-512,-389,-165,-272,195,-57,375,-304,287,331,306,8,-355,384,476,262,62,490,171,301,309,-131,-22,-246,654
402,-81,10,53,-236,437,563,-365,67,-294,142,66,100,-218,-697,79,230,20,-623,72,154,-18,452,-101,384,92,-156,-61,-207,-13,-88,-373,-418,-287,531,-213,105,-262,-541,94,-466,-3,-186
-27,-911,-464,241,-622,-298,-567,-30,11,-104,430,-355,-160,-531,330,595,-186,-8,-179,-138,-298,321,711,-4,-107,-308,586,-210,-84,462,-157,-325,184,-272,569,71,-110,88,14,375,68,-36,-447
627,75,-770,683,-430,999,250,-119,-187,-403,277,-540,-452,-146,-217,568,-201,113,-423,-366,462,-364,431,192,39,17,394,-134,529,-177,66,-118,87,-161,281,-226,857,-42,-232,447,-297,509,-574
-1128,-728,200,-492,10,-982,276,553,294,360,-38,248,77,-573,-91,-587,55,144,134,-105,-403,139,-468,604,-760,1148,92,-75,503,9,-74,-618,425,-139,-341,-455,-463,496,-244,-304,54,-509,-289
17,827,374,-102,-146,259,-4,-66,-160,-378,125,336,-26,-673,459,252,141,-637,436,199,-161,593,428,4,-133,-26,511,56,-513,-144,350,-308,-363,52,-202,-71,24,-279,128,301,-29,183,-176
837,348,113,-375,-515,322,-303,191,209,-209,44,517,213,-228,480,438,-332,71,495,-449,19,-175,-590,-300,-354,555,-788,584,-410,-116,-657,34,815,8,-916,161,367,752,109,141,384,-243,169
-686,-263,365,-164,76,-198,172,-129,-65,35,-202,-3,-485,-72,-230,29,557,140,-432,329,-614,68,264,640,151,205,487,-190,210,-157,-4,434,-1020,200,276,-134,121,12,432,-81,13,346,-449
26,11,69,49,-323,-627,194,-505,-71,-380,-469,-439,158,-259,656,397,-290,-637,370,584,-140,-83,1002,-274,-519,39,280,55,219,706,901,659,-399,394,-36,456,-292,327,-106,397,369,499,-682
114,-128,770,-549,292,-187,12,-474,1218,46,708,-383,342,368,360,-208,415,-545,157,501,-111,106,-160,-199,188,-357,-431,263,-39,-441,95,-174,20,-412,-68,621,-31,767,528,85,497,-62,568
-337,304,-357,223,-636,263,-190,-453,148,-214,-238,27,-385,-235,754,223,80,-101,109,-81,-434,-176,613,-584,-671,-416,-287,274,2,-188,370,105,-548,-70,141,-966,-377,142,535,143,-295,173,-382
-473,130,550,84,639,158,276,339,691,456,121,-470,48,414,-12,-77,153,-345,-299,153,-6,635,122,69,87,-28,-304,-66,63,90,-172,264,53,-216,220,-769,-579,698,-340,-316,78,-166,-228
516,424,-105,-830,-369,68,-46,302,34,-209,12,310,157,-652,282,281,231,-331,-362,283,144,365,258,200,575,5,218,-534,436,420,53,1136,345,-53,125,501,180,445,-926,453,-431,19,-173
236,413,-732,-131,335,306,398,180,-434,-45,686,-233,660,-417,-661,-130,-218,140,340,361,-440,-187,724,201,-741,-168,-130,14,324,-404,-71,-23,110,89,113,-506,375,133,-337,174,-275,-227,-187
155,-967,419,-333,753,-701,607,-140,383,212,-527,491,373,535,180,-480,705,-159,-317,38,334,347,441,-1,460,-76,263,30,-81,-187,-50,738,-56,394,-101,-722,-495,-165,-362,-235,-34,437,683
436,-253,13,77,155,398,747,-89,402,-5,521,-569,-19,43,2,-415,432,-541,603,-304,67,-344,164,161,49,-216,253,96,259,-88,-582,-277,466,331,105,504,821,217,345,-45,-28,-214,102
440,-222,308,673,382,-343,-81,-2,-49,631,171,-176,99,235,56,643,-617,-797,-115,405,-372,1125,255,23,778,217,-182,185,90,57,-17,-284,300,34,-733,-109,39,-42,53,455,-20,-260,289
203,213,240,-338,1009,22,-896,406,-437,-138,-239,-267,-543,510,-129,49,96,251,-790,-531,53,477,171,-14,605,328,480,175,437,-211,-456,-446,578,2,48,-33,852,-235,258,539,41,171,-169
210,-571,-119,423,510,98,-578,292,-237,-403,-219,-547,-695,300,-99,-530,-667,787,-850,589,-178,529,-522,231,854,-18,792,9,-35,168,-91,96,472,193,785,-356,-519,-319,-22,650,-731,-345,-92
-74,126,-153,-135,-251,664,126,-535,202,137,-326,-67,-595,-115,117,-808,129,516,468,226,652,281,388,139,8,373,-27,-757,25,461,24,360,300,354,181,493,15,-327,211,-93,-111,780,14
361,23,-52,19,323,568,430,-267,-597,-23,26,-164,-5,382,111,-544,-909,262,65,-294,59,463,-414,28,218,-206,564,229,93,-13,65,330,280,738,19,202,133,-886,89,102,-157,48,194
76,65,112,-494,398,-300,419,247,236,335,-496,-196,-125,-446,-140,-176,779,-290,-673,-87,66,-280,41,551,301,131,306,363,348,221,297,1116,853,294,154,225,-184,-618,354,336,-79,-367,-204
-705,-233,449,842,-402,485,-277,-209,174,-343,297,-326,-193,1381,83,-39,-126,-384,170,77,448,-125,-831,301,347,60,-397,-838,-102,214,-219,-419,290,-973,294,-311,-302,301,395,246,25,219,497
732,438,-582,-412,146,849,29,6,47,229,-100,-815,-368,-555,-665,-522,-687,622,497,205,74,-109,-32,323,509,65,284,-22,722,-619,622,270,638,-51,446,723,381,-183,-267,513,-590,-527,-117
134,-24,-737,-370,375,273,-135,-565,-577,-158,-156,200,-51,232,377,70,403,168,-393,477,307,779,295,-68,-86,36,29,490,333,-217,146,-1,101,-250,722,-303,-222,-203,-253,-621,17,-739,-692
1,813,518,-311,149,-5,652,-214,-223,-611,-249,338,331,-720,705,211,167,284,-268,294,152,-81,-88,-4,132,168,104,348,-248,-67,-531,600,68,-675,-139,381,228,192,265,329,344,207,-15
302,848,355,37,735,40,512,298,184,434,-482,-240,750,-176,-162,385,-53,110,290,-1395,-339,-10,220,-410,534,-145,-77,701,-186,-353,-149,322,-446,-274,671,-584,-438,-732,537,-23,-858,429,-322
-48,-7,-517,377,-861,421,343,318,-179,-386,116,-27,475,386,-183,-103,19,-234,416,724,-459,-236,-49,-124,542,-253,-98,-241,-27,-389,329,-47,-109,-1,-304,-231,406,281,-73,51,-587,-185,-464
29,76,-323,-54,-136,-353,199,-322,686,-151,590,-184,233,99,340,13,-139,176,123,-2,271,-564,242,6,-392,-271,-219,25,456,-465,141,215,-51,127,-48,724,142,-38,251,364,-158,-80,537
-291,-140,-507,-89,-100,-400,647,-726,-55,60,-39,-332,33,-705,-254,856,-897,356,-462,580,-248,227,-211,294,-468,647,-31,-116,447,-515,300,278,917,371,-466,1240,-211,382,-437,-35,756,-68,-857
168,-540,-369,-312,-301,-347,-171,20,337,-398,250,120,-4,405,209,113,-152,-104,-738,97,-20,12,141,266,1130,-532,250,-22,229,41,529,174,565,-387,-43,46,-111,615,-67,-435,648,171,-524
-177,-36,330,80,720,464,-340,-67,385,315,425,-661,-536,338,375,43,344,-111,-451,137,221,316,206,364,216,354,272,2,417,111,-225,133,1381,676,-158,366,132,110,-377,-300,365,125,417
-182,-302,388,-242,50,441,267,-403,165,-471,-254,-218,-255,-12,-406,-173,345,423,389,-167,2,24,-617,-119,-33,-811,344,-574,144,720,-87,207,126,2,399,544,-442,-303,-602,-304,222,252,239
308,464,-52,20,472,459,25,243,-305,214,411,511,-188,24,-527,112,-131,234,62,-47,-75,381,-145,232,474,272,-534,-497,-373,231,-218,-767,90,-376,168,-345,-510,268,334,-453,-73,250,59
318,132,-557,-225,-393,521,-272,70,-387,-142,613,387,-116,590,98,-303,-122,-51,236,-122,-143,293,-717,708,144,-22,659,-520,69,271,-196,-369,-18,-301,-156,-298,561,80,-594,692,265,23,706
-261,-467,-163,-66,127,483,-70,333,351,-263,856,114,-169,-102,377,-243,-169,21,717,-530,12,315,-113,-130,245,178,-425,-583,-55,-406,422,-64,1204,157,-662,-514,113,31,747,419,600,-645,275
-510,-92,-1120,-60,-382,-4,105,-325,64,-135,-507,-655,-67,202,-540,-119,209,148,-613,313,-1046,-565,54,109,70,-221,189,-586,-486,-446,461,502,-577,257,-311,-3,272,-359,400,-261,-467,-134,-569
-169,5,108,550,-70,617,468,-3,343,-351,606,-582,-32,-20,-163,-388,-407,390,848,-293,38,-424,29,-173,118,-897,199,-614,-78,252,597,-517,-231,-560,-10,-34,248,-518,180,503,-549,342,273
217,360,-157,176,-493,700,560,-19,436,-220,501,-494,-399,-877,-626,-128,-174,139,-155,228,-329,-162,-93,463,86,404,644,-365,-97,347,-182,619,221,-79,559,360,-125,-20,78,350,-845,-193,-600
0,-210,-357,-71,-105,894,314,1013,98,664,-500,-90,-109,248,-651,-108,163,28,-148,-185,896,59,-314,365,24,10,636,-885,44,785,-98,203,-214,-529,-78,26,-66,249,-113,39,-235,810,-129
70,196,35,255,372,-11,-123,-128,-133,-23,26,-187,219,100,-664,-335,240,-205,411,-609,-442,-387,-992,-22,-709,25,263,34,-491,-171,8,113,7,455,311,-2,9,-864,111,51,76,930,289
-51,-362,153,-361,146,-196,74,327,390,843,166,-126,-73,242,515,-48,-53,-69,-111,515,-144,-199,105,548,768,106,180,341,412,111,172,455,543,-97,-444,552,23,207,151,338,330,-118,144
-329,-4,-627,134,229,-454,-32,317,284,122,-79,-46,678,-341,-273,251,537,1047,197,177,340,-891,240,146,120,241,-422,-214,19,-588,80,326,-11,297,76,-750,100,118,-418,-68,-526,50,369
539,-375,83,899,-230,369,42,135,286,14,-271,16,100,-29,642,911,74,-240,-107,-476,-194,-312,-681,400,286,-124,399,-956,400,488,591,287,587,104,-379,-383,10,601,-424,76,-10,-105,-86
-796,-201,-758,602,-634,166,419,40,-241,-246,31,-341,107,-83,505,-156,-100,-51,372,574,533,85,34,325,198,-37,190,-252,-204,-174,205,-84,-392,-107,356,-19,285,-18,670,-96,28,361,-607
684,161,-196,446,21,365,653,509,580,-99,-393,237,-127,41,215,-249,-107,-70,54,-266,519,-427,-863,368,-144,549,559,347,787,440,-351,102,66,-138,90,131,473,583,-99,-89,107,146,-383
-105,409,266,-184,-31,-767,38,-178,-247,-430,-436,-184,-233,-14,134,-213,-269,318,-523,810,116,591,-275,553,312,250,32,258,485,206,35,-448,-161,-70,-170,-92,235,37,-149,486,475,-106,319
-58,14,250,-31,401,707,52,-250,216,-557,-252,-517,-402,-356,587,387,203,-814,-471,-212,136,135,50,-412,757,-299,-114,-943,-376,657,498,599,411,70,144,405,-78,-349,419,201,-179,-194,-262
-612,-2,306,439,-126,-184,-84,-99,722,-56,512,580,-158,-128,168,274,-170,62,-125,152,-23,-61,143,-369,-126,692,-6,-890,-104,-154,269,-101,140,196,-111,-169,183,16,225,335,799,-309,516
475,-613,-522,-393,438,-145,589,-33,-396,-333,322,-266,500,791,518,-657,170,-336,101,-235,294,-84,288,-200,-411,-88,140,137,103,-365,-348,396,144,-524,49,8,-241,-44,-286,-456,460,-17,-225
75,23,-455,301,-59,-498,-148,-98,-134,-167,-238,-211,-60,-38,469,512,-726,419,191,352,-117,-127,283,-678,181,-24,-246,197,30,-432,-59,-235,59,-285,-154,-308,-104,439,226,124,52,91,26
177,-264,345,-151,110,169,-4,929,112,787,304,288,63,124,-180,-176,-303,82,1382,367,-25,-141,74,31,369,399,105,406,-39,483,6,-245,-293,-669,-146,-53,-21,291,-151,618,-408,206,-36
139,701,657,606,494,396,129,-81,217,-339,135,387,22,-319,231,-94,219,450,-388,495,-101,4,617,-432,-107,597,616,-246,37,246,119,6,-621,243,-577,98,551,-134,-630,495,-176,184,-452
-954,637,110,-14,-209,316,-550,77,305,-136,-91,-105,262,-230,146,-119,77,154,638,1125,-105,-314,-200,869,436,180,-36,582,129,-227,272,-341,-527,-72,-108,-137,441,63,144,354,55,440,-361
190,-552,-155,46,7,694,-140,288,574,-137,901,-673,213,179,-414,644,-412,504,-315,201,733,-310,-394,617,528,218,-107,-456,184,-295,-368,8,922,-77,119,34,303,679,-81,477,-277,314,148
-447,171,246,-453,203,-24,-37,-202,243,-900,102,367,328,-272,154,-60,-445,527,-445,507,96,693,-179,99,93,26,-173,-423,-317,180,-447,-60,253,-229,270,468,468,383,16,313,331,-60,-319
-634,-217,32,-738,-417,-413,14,-165,413,500,-41,-627,125,729,309,-88,-208,-653,78,107,-322,347,-230,353,12,-95,-89,-156,381,-77,-117,618,323,-24,-184,497,53,1035,-221,180,402,-151,-100
477,-246,88,-13,-85,347,598,-81,61,77,-309,-508,-481,436,-30,289,-44,50,-257,-45,126,375,-448,-98,-135,204,38,371,74,-461,400,302,282,-294,360,301,-255,-65,191,-86,-117,32,364
488,-83,-558,34,410,515,-235,-90,-1090,-251,162,-360,232,-33,524,195,-729,34,400,72,837,506,480,597,619,263,259,143,291,159,-318,-200,220,9,-259,-98,441,-401,-1094,562,4,-13,-569
442,846,366,-65,1151,1013,170,39,-45,449,22,403,487,-255,21,217,-35,80,-36,116,540,-330,435,539,258,-123,137,-513,-793,201,233,798,179,68,-205,-97,454,-298,-781,247,-277,444,-224
212,-395,-163,-89,214,-630,723,97,636,-301,146,226,91,76,-111,235,269,304,-401,-220,-311,-217,-693,386,-209,-32,716,564,470,454,-417,298,12,293,391,-579,-410,98,9,3,-452,285,-305
285,88,-204,480,33,-43,146,832,552,-554,149,-16,-163,113,218,330,-137,-327,-28,-539,-121,-26,-57,138,-105,-104,-103,-269,970,86,-146,-372,0,-1080,-354,-910,-355,1056,-25,-162,133,337,99
-94,96,757,-156,-492,-275,-183,413,-178,87,247,225,242,131,-46,-46,-394,-365,912,68,-664,61,-247,676,-100,573,-216,373,76,-507,578,-101,-959,-532,-256,-206,18,622,88,175,227,293,-229
-391,327,458,96,346,16,-28,-440,-279,299,-492,-260,-177,-10,449,375,67,188,-539,600,215,396,307,858,647,-141,409,-461,215,630,-226,760,300,663,324,443,56,-66,-1151,110,416,374,-191
-305,153,285,209,-138,-102,-259,282,345,267,-246,-661,-527,-425,17,212,-2,-55,-355,-99,213,-10,-671,-32,296,1041,476,-215,119,299,-289,5,-562,148,495,361,-1084,259,-84,-135,-682,-192,-482
-120,628,600,102,265,9,326,-116,168,-300,16,-472,-339,-145,464,35,-510,482,-371,1194,398,-597,-27,21,-60,-666,384,692,1087,22,89,169,289,-391,847,-205,57,449,-15,352,69,-123,-611
666,-277,614,68,-27,-417,-463,-185,664,423,96,869,-166,-72,-519,-406,68,267,288,-186,147,452,-213,-229,239,-133,-264,502,-831,-186,349,66,-35,138,155,470,-246,-16,271,-190,-164,241,331
859,405,314,-85,198,549,557,1096,-538,667,-392,-331,521,-61,334,-357,-372,290,-104,-297,-94,348,-234,708,20,-103,537,518,1124,452,-421,735,1036,66,-379,1025,542,44,-421,300,-91,332,329
-100,213,-49,143,-206,128,392,-11,-155,492,112,-390,-24,347,231,2,309,-408,-279,-152,383,173,-395,-273,-77,-60,416,98,564,822,-132,65,-490,-328,153,572,65,-175,-541,165,180,468,-524
-114,365,422,-141,224,146,82,512,209,-766,468,-751,634,655,225,-168,72,366,-21,2,-396,-158,-572,172,92,-248,350,-800,-51,184,-819,811,544,671,682,136,-230,791,-180,-299,174,354,670
-121,-18,-771,-339,-108,-428,-89,-93,-651,-363,-142,128,-402,112,231,-64,176,-733,562,566,398,-101,943,-646,349,-501,12,273,-97,163,196,94,-330,-136,686,450,771,-779,241,-348,-86,-69,-201
-152,-507,-699,-215,-171,249,291,-466,533,-265,-526,555,-343,72,-236,-310,388,524,-280,143,224,-46,-52,-197,-612,191,256,-215,148,-124,364,323,-382,-150,32,-101,-652,271,11,-118,711,-129,-221
186,-107,184,-228,402,-75,218,166,355,295,727,386,486,-30,-42,-437,547,-8,76,-51,-243,318,297,-494,-132,260,-299,-699,179,104,-162,-4,500,627,234,-25,174,280,397,-135,707,-418,150
-424,-723,392,-500,244,357,-176,-13,33,638,165,618,-396,366,459,-311,393,-123,-75,187,461,571,275,-60,149,579,-111,-3,268,-172,254,496,495,449,-1200,-810,-22,-281,-93,143,-8,80,510
469,650,-414,763,-463,-122,-104,-199,-290,-315,-50,-15,-18,598,-93,268,203,-511,-623,112,-335,119,124,-9,-119,-37,120,-265,-605,-486,415,347,156,-169,-27,501,-403,-181,112,-593,-310,338,103
503,210,186,-154,180,300,483,-265,229,264,-228,226,-63,-355,-96,97,479,-84,-653,-39,-122,234,-52,-184,-47,-252,-144,-324,-648,458,366,161,-443,1,509,129,45,-195,248,-371,-248,46,-352
128,-98,586,279,-376,-335,518,122,664,334,-218,-93,70,359,1350,283,-107,-351,-470,-376,134,-566,-720,-54,161,-240,420,269,198,-183,-98,408,596,-106,257,-298,-284,189,330,-595,-173,-468,-283
610,-643,-28,-27,45,529,313,342,30,107,32,-370,161,-59,-359,-349,-84,19,-358,-280,227,-236,-6,-253,174,1278,341,344,432,-69,2,296,145,-13,-462,389,688,48,768,308,-603,-116,-18
303,-627,-237,574,2,308,-608,185,-270,-595,386,-808,49,-68,-409,881,-522,-89,398,-475,30,19,296,-171,-120,-393,-227,631,327,-190,94,-120,448,-476,277,108,-131,195,-98,4,-786,194,178
-523,-73,-106,-611,-193,424,81,-91,189,-310,219,349,14,194,-91,-560,632,298,-472,292,-37,-484,-74,253,-182,-320,-191,371,-855,405,-704,462,389,110,553,-95,328,381,-49,-544,666,-132,-945
-80,-533,52,-401,-784,-230,-165,972,404,-192,-26,631,-160,-368,21,-572,-217,9,144,420,396,454,23,237,62,221,139,497,206,-39,-138,-14,56,-554,-335,-367,-18,565,-768,671,8,-446,407
-217,524,277,145,458,464,-353,244,397,-457,158,-163,-223,468,209,36,-807,307,234,-303,391,293,-299,-26,-439,-168,45,313,108,136,-354,123,82,-193,523,-422,-451,29,-566,124,410,533,-322
-5,-784,-412,176,-157,-16,-232,-72,-394,187,-103,98,-134,392,334,16,-312,110,798,-301,163,-111,455,283,295,155,489,648,53,-421,-522,-554,38,-4,-59,610,645,442,303,511,-57,421,-152
106,-291,897,211,35,733,290,-153,456,191,-415,-29,-143,320,-169,-596,-195,-360,-506,-74,-463,236,-441,363,-175,341,628,-496,-231,74,-69,417,171,-395,436,-165,-216,83,-134,25,-301,-67,133
-177,-245,729,288,-334,-7,358,-406,-58,-211,314,-15,674,-250,-89,96,-297,-251,-89,119,-770,-18,-675,-47,-231,-382,363,279,-453,-178,-174,21,58,-102,-148,-82,-104,69,365,710,42,255,-365
-75,359,-38,-25,-781,-35,-191,-149,392,584,-374,362,82,222,-152,286,234,-962,-602,163,-2,353,-330,-184,369,-250,-12,253,-152,638,-229,513,-10,117,-202,522,222,-13,-222,160,419,521,72
542,-366,-410,-233,570,-52,695,91,700,684,45,41,50,288,149,498,11,102,-452,-230,648,9,-108,85,336,-146,-125,246,-42,232,-623,-52,181,232,183,65,168,47,92,-446,-845,357,6
7,-231,272,-88,222,-27,85,-212,425,556,34,85,359,157,-325,-397,-626,-208,-735,137,37,195,-9,512,516,516,563,-223,79,-501,-479,-151,-460,-348,247,196,93,-208,66,416,-655,293,455
-49,1014,191,218,-208,884,70,249,271,788,497,-338,99,235,-142,389,457,-521,460,493,9,-352,26,83,-140,-346,-268,33,58,445,-451,243,204,-295,499,1189,546,71,102,149,-693,291,-171
561,173,240,20,416,-143,50,72,201,574,7,10,-152,875,399,609,-55,-283,-104,614,363,189,303,-306,59,247,-693,398,525,-174,164,173,-238,-142,-57,-263,172,341,712,117,-270,-25,46
-928,-39,137,658,-35,71,337,316,808,313,295,59,-652,-143,132,275,-411,42,-64,204,-117,73,178,-300,25,-641,-90,68,292,-444,-544,-663,-18,-179,369,9,108,-533,464,-1,-526,-478,587
171,-299,394,-96,523,-478,-347,247,-221,404,312,-233,42,-167,-459,15,79,-51,243,-59,-197,693,530,-46,-313,-122,-24,711,604,-151,160,284,-586,-78,-157,-123,138,-74,304,465,-541,-312,530
-96,-52,30,79,195,129,-837,-348,169,-166,-760,375,419,314,592,237,363,845,-523,61,686,177,-547,220,44,-415,-16,-397,-385,290,-907,450,-699,-513,368,-391,-548,-51,-816,161,-577,489,372
7,-116,515,-705,87,-745,298,-615,316,1002,-210,625,133,-102,-402,322,265,-589,679,-861,-343,678,426,-838,261,368,-96,-113,-180,-129,64,84,-260,-249,-593,328,-502,726,-470,-4,526,51,386
125,304,491,-335,240,692,-593,446,-260,237,-387,-143,-416,251,572,115,464,-135,-425,113,157,625,510,-418,21,85,8,65,8,1221,-258,535,606,-699,-7,624,131,-323,-240,487,-623,553,-295
236,570,-135,409,556,-361,296,-291,97,-25,167,238,183,-604,164,105,-570,64,-191,-401,-168,253,641,89,342,269,-773,115,-38,-496,353,-823,-33,-70,-123,-91,281,-1012,304,-358,-165,-374,-238
-75,97,455,-461,220,267,815,200,487,41,-628,-315,30,-200,284,242,-478,19,214,165,879,91,-627,208,203,-44,730,-139,360,513,93,261,-80,-232,257,393,-477,585,-484,449,313,529,-786
582,-484,-109,-364,-627,-253,726,134,405,422,-591,-394,579,582,-322,-321,230,-699,-414,-368,-354,-160,43,254,-765,321,775,572,405,-117,-340,419,-320,356,245,-17,-105,81,-67,382,-4,349,-264
553,101,-189,-132,816,71,112,293,-15,648,-426,-514,103,61,-136,-594,-1,-198,-429,-239,547,352,169,-466,-54,-35,283,271,276,55,-11,184,-171,379,426,-177,-423,-69,-389,-33,-374,-769,272
188,220,-240,250,125,145,-524,-516,187,287,178,356,326,-348,489,-400,335,-353,94,53,319,486,578,-378,-654,486,-41,838,-1,124,-312,315,577,-4,212,220,117,-89,-177,-48,335,-122,193
275,-414,-50,-594,36,-793,-87,414,-103,-32,-601,335,231,56,427,365,354,545,64,-910,-296,-203,-342,241,23,-414,-86,-74,193,40,-210,265,328,348,-431,-209,-405,368,-258,-701,106,-101,-657
423,-3,481,-53,-216,-358,390,566,-189,353,-134,40,356,-25,508,-381,-455,-61,-841,-183,104,409,26,135,319,422,762,-176,-481,756,-82,118,-90,185,-471,112,-215,-63,-18,252,219,197,-288
-835,-350,-231,-98,68,-907,-582,388,266,-351,-416,132,10,-74,516,-372,639,-262,453,305,-234,943,575,-49,174,-67,268,-105,459,15,441,435,136,872,-312,134,-34,240,-50,497,-171,-175,-719
277,235,56,-167,298,-24,-343,-360,-454,193,-594,-92,-53,-254,375,231,242,-192,153,181,147,303,482,-359,166,-339,203,-9,372,849,89,-54,406,-294,248,-350,210,333,-151,230,605,134,0
430,-465,-417,-199,-91,-239,613,-247,64,654,-716,450,133,204,143,-124,326,-542,-908,-660,439,438,178,439,-925,993,-273,166,365,-239,-138,939,500,120,440,-59,-637,-269,-499,-356,-256,-74,-267
-140,384,787,642,59,-31,648,-21,-250,-50,-483,25,-79,-86,335,-457,3,-392,-258,-436,-207,-159,-623,-341,367,347,284,-341,-307,255,443,106,-97,-296,-160,-258,-306,-412,28,-164,277,-304,-446
335,282,630,266,363,57,329,-145,435,374,310,-444,-257,250,698,28,-184,-553,88,165,-53,-115,610,-403,719,103,-320,-75,477,6,210,440,477,289,-63,497,-49,353,912,-136,381,-492,183
636,46,83,-646,-323,-204,159,-197,16,477,140,-382,-66,-135,249,450,304,-688,236,-315,-125,-63,513,-515,444,89,9,692,867,588,-241,260,479,90,-547,325,327,900,130,39,497,-267,-346
-94,-308,72,116,-357,425,-551,-82,133,369,-275,-428,-1114,-65,-635,41,-443,-264,349,-27,141,998,572,101,-127,633,717,-1199,-356,-94,468,54,170,-94,537,429,-623,-270,-258,553,-534,383,-591
388,661,1022,-344,661,457,165,-791,195,-320,681,222,-16,100,-507,-390,182,-183,87,427,-693,780,-134,-494,-161,392,-755,105,0,140,140,107,960,14,-253,774,600,315,401,84,325,120,-227
510,-105,172,-42,-203,398,63,-383,267,-98,886,872,-268,295,-163,-67,-90,27,480,-110,-43,18,306,-341,39,161,-72,-130,236,-60,-374,392,779,127,-550,-56,631,502,425,-482,333,-79,-165
264,369,145,53,393,393,-188,-113,615,239,421,-558,-346,252,-451,538,201,858,179,-18,1,42,-264,-287,-123,195,-742,378,-177,-234,-350,-380,472,391,-61,-70,129,-94,21,330,-318,-231,676
3,-565,230,-149,-579,-360,524,-100,78,41,278,242,207,-290,67,-330,63,-27,-330,461,279,-189,-440,-242,-613,363,-226,-625,-557,458,-230,475,226,-215,-21,256,242,1023,296,-246,517,-105,-248
326,24,238,-154,314,162,68,-147,-104,207,-344,-702,528,-679,700,-288,-114,227,395,99,168,-372,-414,269,52,-102,-441,382,371,36,134,-114,77,367,-261,334,517,-1,-35,3,-307,-292,-108
538,1087,127,-156,135,128,344,-1053,203,-435,147,-329,159,214,-190,323,378,5,-71,479,-36,-431,-22,-22,-384,-539,520,438,805,530,-833,918,-77,296,282,450,396,657,-474,35,257,449,-711
-72,-649,-80,825,139,555,9,-232,582,-46,213,-173,-129,-93,674,-128,-377,273,335,-24,237,593,-303,47,-353,140,-162,31,395,-18,-376,-105,1155,368,-428,-19,358,-135,-132,-120,284,-179,892
-339,-249,-274,-106,256,-82,-196,383,-96,-89,100,-276,-74,358,-1401,152,930,374,14,70,-330,-44,-509,-424,-207,245,233,27,577,-526,-69,-9,-178,-881,-58,-219,315,-168,-27,696,125,6,68
-74,-242,-479,-212,-1,-260,-34,-37,36,-257,-645,133,198,-264,-292,120,201,780,-388,-790,185,10,-978,377,-495,-61,95,543,330,-44,-1087,328,201,-276,507,108,-303,-51,-663,306,-489,133,531
118,51,-672,544,-45,14,395,-410,-53,481,437,315,862,404,316,199,-228,60,136,-374,-140,-203,-56,74,-465,-12,493,-122,370,-74,-770,112,-131,-421,-187,-204,293,568,-127,80,211,-205,773
-204,371,797,-102,295,66,221,545,742,-53,-95,-2,286,369,826,206,468,-816,-232,-441,583,623,-105,501,377,389,55,383,-76,364,-468,95,911,414,-268,437,448,824,-30,-144,692,152,-127
-451,52,-750,-248,-103,435,526,11,595,-427,-32,-533,89,-409,-291,-379,-969,240,599,635,268,41,157,453,-63,-162,111,63,219,-589,92,-399,-324,-75,-184,533,530,-269,426,405,-40,-251,-216
-178,-444,-94,109,-362,-298,-376,-451,-9,-45,-26,-393,53,-384,-97,488,-326,293,-48,-92,134,682,-15,161,-430,-9,-420,-452,-280,-276,-61,66,237,592,970,348,-597,4,-664,400,-271,35,246
-871,-194,297,9,-91,-749,-433,46,252,213,-377,495,-189,-461,634,-229,575,5,-39,645,239,65,-614,-94,-596,106,-356,262,-29,-189,52,129,64,-463,107,-191,-219,540,-512,491,361,108,331
450,-419,727,148,-178,7,-785,436,333,-314,439,-71,112,80,-358,4,704,241,-246,17,-259,230,181,-740,148,-183,206,-272,-204,451,368,-76,-226,159,-70,181,-29,132,89,-165,869,432,444
-34,-255,-210,-292,-90,-595,78,-287,499,739,97,-229,-481,294,-19,679,13,134,649,-15,286,-57,380,-195,204,-14,47,-44,832,-466,341,-122,-369,634,-370,557,-178,-100,-336,112,-67,406,200
455,415,101,-228,128,216,-576,-396,-201,80,-168,-166,-893,903,72,283,247,198,-471,132,426,-375,191,-326,581,97,-60,-179,-283,190,-136,204,295,-974,-94,-74,-588,-324,-154,-617,150,297,316
309,40,325,-90,-119,-344,160,145,184,-119,-176,-96,624,-238,-290,540,-69,87,-249,-850,389,-435,-329,-149,-451,261,361,-244,559,422,-495,-120,566,-498,-640,571,-362,380,-297,-212,790,249,295
534,-541,-426,-319,-489,-472,0,-201,214,599,-161,199,-33,-480,-530,256,-31,-381,890,-543,-231,-62,-380,-732,-133,-218,65,-415,-589,-858,-372,269,-26,144,-300,293,-446,50,-689,-151,-99,23,-1049
441,-68,-212,279,-421,26,169,-379,99,-541,559,484,6,-188,237,274,43,595,-377,-159,268,-418,317,749,-172,-261,-144,-159,148,425,-570,-144,423,-38,268,-333,284,706,231,-136,-74,631,-236
-772,-254,514,141,-463,501,383,-182,436,429,-75,-120,39,10,302,-11,-134,-186,-135,38,-307,48,244,903,-2,407,516,-234,142,-64,70,-15,35,-76,-312,-97,67,343,1076,57,120,381,-7
-925,305,183,376,366,184,173,500,155,-124,-273,587,383,-382,295,-21,197,164,-236,242,427,404,320,299,-114,-21,124,-345,-383,-250,158,-50,141,536,-160,-332,-379,-11,-345,-329,334,580,-256
-109,290,510,844,-184,306,-161,247,422,207,913,-452,-165,-163,156,273,-145,356,194,353,-224,-522,530,365,351,633,-408,43,144,139,498,-293,-231,221,64,-223,-18,-290,1255,-489,594,385,185
24,-17,-208,-62,328,624,-217,22,-29,-619,154,-759,0,-655,262,-29,-524,52,-235,517,420,-521,-259,107,-464,-272,-346,605,-529,494,-195,226,180,288,-53,329,-52,429,-699,275,-41,-426,-378
16,243,552,477,533,76,343,-45,-308,-87,437,-133,-221,-461,88,200,225,349,1105,-242,-325,132,-134,-202,-396,-140,-118,154,-263,94,-241,-495,-241,486,128,-17,10,-447,-417,346,-737,-75,-179
209,166,156,-498,32,325,-389,-450,367,-361,-115,290,-126,-372,-38,-840,206,62,-309,-154,-121,-104,-278,-344,-232,-262,587,-347,-372,576,-270,832,-144,265,100,91,-872,208,-453,-387,308,-219,177
-628,166,-155,275,-638,185,125,149,231,21,187,-541,516,392,-248,557,-115,-125,-167,-199,-522,-294,-190,-357,-535,-23,453,-949,387,-651,573,-538,-847,-439,82,-3,197,86,817,168,170,65,-367
-416,213,-21,725,-133,-1115,297,-149,260,-4,-61,402,235,10,1100,-102,621,-74,60,153,-254,469,-432,-336,-206,-119,183,-375,458,-189,-338,112,-690,267,78,-340,-445,252,-214,9,517,-31,-375
207,-261,-252,534,-169,496,333,403,162,-259,-292,-82,-440,309,-3,115,-507,502,512,92,388,169,-454,721,645,-168,20,82,-113,-155,452,-220,-207,-512,146,155,-264,-16,86,-136,-17,940,405
-111,65,-21,-290,-176,591,321,-161,-466,351,-407,16,-111,-320,-178,451,411,295,-703,1217,159,-100,39,-273,-318,298,-522,661,-261,-476,-525,674,393,136,-29,329,-16,240,-26,-795,189,-84,-664
239,-687,-371,35,-647,-272,309,-208,140,-569,130,-88,205,-131,347,-363,106,651,-493,-502,253,-118,-61,23,-328,17,582,-307,65,-462,22,15,267,600,-57,155,221,-346,-408,-53,282,139,476
335,-1086,934,430,367,95,346,-232,424,932,147,147,126,196,169,407,-325,106,106,296,1466,736,32,-39,-61,882,366,351,918,-390,-542,164,-58,46,-752,889,490,216,-254,807,514,342,-71
19,-195,-119,-116,43,-95,198,287,-31,167,488,209,11,-277,-557,132,66,761,248,-194,-49,8,202,-19,275,762,216,180,167,-451,-398,276,-238,-217,48,-535,230,-641,579,205,209,-70,237
128,757,-153,526,-69,252,-225,-178,86,-7,243,296,226,-73,241,397,-960,207,364,252,373,-148,-234,669,25,74,401,-243,-87,137,205,-371,-108,-227,-260,-347,108,-190,-463,532,-90,61,86
265,507,-805,-437,543,-366,834,440,-57,-17,341,256,-209,31,383,22,130,148,372,179,-313,-28,-241,467,587,-203,501,796,585,-665,-184,471,411,-89,-65,460,666,-1032,849,-468,373,-387,438
171,-703,-481,-568,114,759,-158,-116,790,-137,346,175,-542,-538,-78,9,650,573,99,179,416,-245,-301,15,-302,14,9,12,520,-367,-796,160,841,333,-238,285,167,212,178,154,167,-287,52
239,335,-301,121,91,448,123,77,239,579,-593,-358,-41,335,228,-234,-278,134,-473,-763,467,-124,-374,698,391,283,588,688,592,-112,-865,-97,476,108,-320,879,400,230,-289,274,278,299,-10
140,-409,-298,184,-591,-70,144,96,-240,-354,51,-496,-281,91,-832,229,22,-357,-311,87,-947,351,-304,496,-354,-89,208,767,-156,-1135,-150,-678,357,-591,76,-89,260,338,216,-231,96,-424,-759
-146,70,-160,-122,289,141,29,462,-32,641,-451,6,156,-6,265,-753,369,121,-46,-856,416,306,428,315,624,723,499,49,720,-104,-386,163,778,81,25,612,262,-469,-178,109,148,-54,339
238,-889,-790,32,-787,17,55,97,-130,159,-35,-141,-430,172,36,-4,514,217,-277,233,-370,-189,143,-579,-185,194,477,-333,-706,-201,-336,710,282,198,-270,202,-374,-570,839,-342,-661,-287,35
-12,-307,-23,102,-153,753,-431,206,74,157,731,-569,154,132,-863,537,-190,-42,-49,575,367,63,-73,-149,334,-247,241,256,-372,-428,223,-302,300,214,374,270,730,-314,696,391,-32,47,477
-158,-84,-241,163,-107,-719,10,141,-33,194,90,526,131,210,732,153,542,-273,-53,-127,-188,75,64,103,-16,-25,30,305,725,-305,-248,92,158,-37,-20,-227,-80,479,-92,-569,487,-77,707
49,312,-250,-412,180,-147,-210,332,-73,308,-508,281,-629,79,-513,162,35,476,12,500,-56,-199,129,-37,211,-135,-293,844,-42,21,-269,157,61,230,-404,-251,-260,10,-250,-733,-396,460,-164
-57,160,323,608,-652,175,882,-1323,-146,206,-694,267,-199,-192,687,149,-76,81,-327,653,119,307,-1151,-216,-394,-622,-556,13,-295,-340,-1074,136,507,452,68,498,262,-239,279,77,-350,-90,-670
683,-391,-191,-118,55,-260,295,-398,-220,-276,-884,603,424,794,167,457,428,-124,-192,-351,-305,-98,321,313,45,-99,10,-261,8,-134,-257,193,18,-45,-190,205,16,257,-650,-19,503,154,127
-254,658,-78,-22,540,-103,-315,-140,-31,98,582,189,318,659,80,414,374,-360,-371,-137,321,-268,156,499,112,-269,51,-284,476,112,591,244,-471,-332,157,-1,370,-902,151,203,147,163,259
95,254,537,-374,131,-60,599,229,22,-145,-708,51,76,-186,468,-420,-124,22,264,-344,-473,158,-201,538,-361,-90,870,143,338,451,-467,406,510,245,151,260,-260,-575,272,169,-10,247,-447
278,338,-228,-135,134,-129,670,586,-13,-204,-193,-330,75,-271,585,-30,587,132,92,-389,-38,-824,-186,273,291,-163,1151,-126,369,-86,205,587,293,36,248,-182,-77,-171,113,-277,331,0,-93
-671,419,761,51,789,432,-465,-349,606,657,-238,562,-148,-641,-649,174,-221,-187,258,-778,94,356,350,-431,162,-10,-55,-97,-300,598,77,-898,189,34,-87,-263,-574,-468,-832,-22,-283,417,-536
793,-801,539,106,-67,662,431,218,538,219,373,305,462,349,-189,-10,-62,85,17,-4,-148,104,-89,-224,49,-360,-13,378,109,390,-307,-149,668,-94,-420,1122,913,920,248,8,674,-510,747
443,-598,-953,154,-88,200,-114,9,-872,-211,-179,-614,-549,309,118,306,-163,286,-62,383,-271,696,481,409,296,40,461,22,257,2,339,-31,530,-90,173,384,569,-468,263,178,-431,135,-475
-14,-490,305,489,-597,287,-278,742,181,1140,-465,-457,-444,1,97,-187,-197,292,228,-14,54,478,262,80,287,-10,-32,-575,57,345,-275,89,961,354,547,769,609,495,-211,719,-239,-234,41
358,-225,31,-338,-264,-195,-145,70,-280,-197,-197,-241,99,166,260,-138,-82,163,-664,-535,136,-385,-505,-126,398,-530,197,-94,312,120,-249,124,562,852,169,531,-67,-340,380,66,-44,-418,348
559,15,332,-100,-15,-432,-388,-265,253,28,113,-130,2,346,363,495,618,-80,-296,506,-416,46,-4,11,666,-55,461,-77,18,-45,-435,207,-469,-149,282,580,595,260,427,344,-141,-163,217
132,396,-252,336,-355,-1206,88,130,-73,304,-678,-76,640,377,664,759,10,-417,-134,-342,117,111,341,-45,-390,828,-169,88,796,348,-205,158,403,-87,100,419,133,352,-72,363,224,603,272
-49,-336,-603,-28,-345,-127,-394,261,-221,-311,-343,40,-103,-341,67,-101,451,-359,-31,-93,-409,-237,99,324,538,74,129,-455,-196,313,759,468,138,16,261,507,8,240,-188,-990,387,-139,-218
-360,564,173,-385,217,729,-929,64,260,97,248,188,-262,25,78,-176,-713,565,194,470,44,-16,59,-398,-348,639,-210,453,227,-365,98,91,-341,-581,-31,-312,174,13,4,256,598,-269,136
629,527,455,2,284,113,406,-193,-337,435,-408,-451,426,-332,-155,234,-224,113,-577,-521,454,-221,514,59,-223,151,520,35,175,1133,-308,-455,784,301,167,767,-224,397,-85,-107,260,-51,-169
-86,-100,569,-134,420,150,192,390,-38,228,423,-72,217,425,-658,449,343,71,117,-169,497,-506,-571,382,237,-9,-104,-236,-104,-187,-65,12,-311,-110,-437,151,175,477,-713,330,539,377,507
